0.142961371327
0.452337146655
0.332503761597
0.557135549292
0.55632965303
0.96031076351
0.662827329632
0.814807235075
1.82402616061
0.7060230697
2.30692369836
0.555460458549
0.881537454354
0.665780956129
0.0166997734018
0.293676239268
0.482873068732
0.747725012378
0.743644732936
0.765372427833
1.74548229264
1.52427436308
0.889470356963
0.992480670854
0.64532725235
0.0707615707928
0.0452788356487
1.00601622004
0.0822584369134
0.665364211423
0.789340510668
0.304912190681
0.35481902575
0.737689600068
1.05099615865
0.0628104649019
0.449354573274
0.727529286436
0.794653676588
1.02221515545
1.06756943759
1.41530279243
0.243902508262
0.60001011639
0.605163144644
0.970477464857
0.0406998866382
0.591324677931
0.0537717961641
0.316221090805
0.662067847261
0.668435567975
3.34967656891
0.306015287296
0.405835238372
2.77645308141
0.0733888438473
0.109206016741
4.1591085132
1.67546188137
1.86749517416
0.382837504068
1.02979250989
0.865473516138
2.08418212751
0.183777177618
0.285003391283
0.458710126055
1.16034957761
1.26386121404
1.2416737434
0.645084266545
0.75997681031
0.634144358467
1.57889052837
1.87233616048
2.17034302232
0.671320150384
0.340946783708
0.42011815023
0.183331462293
0.316635160562
0.0544678999074
0.346941211881
0.276382431858
0.407566522722
1.32556070987
0.261507568838
1.49443546576
0.0550305736
0.977957502478
0.0193520675417
4.78922469484
3.34099457413
2.42859545864
0.406922054416
0.206203721294
0.384188416084
1.15236413894
0.531171690889
0.272623502457
0.654977255303
0.123623409784
0.847722193872
0.166668232047
0.837635191832
0.0253818423131
0.270758991302
0.327293338852
0.304594447723
1.13160843491
0.623177649761
0.217963495481
0.0540292856144
1.141650672
6.52396852542
0.0577961709507
0.308690823111
0.8320971356
0.822747379492
0.249045400184
0.187550225873
0.99382467611
0.377419957727
0.0329595459025
0.983887648927
0.145886671034
0.0815406595475
0.576263060726
5.31212766273
5.32254542813
0.264827481363
0.296364943632
1.14834452082
1.20079406129
3.60485319565
0.277521421739
0.29168118395
0.733721286624
2.4251068215
1.31996353864
0.73719588483
3.18523681244
0.0823581605015
4.28540183761
0.167953469959
2.35853807259
2.89215950965
2.06713480292
1.32746400988
1.08022644732
0.205986174888
1.19381709936
1.17127377157
2.92888720783
3.83377090473
1.08680174731
0.170925996919
1.46954437724
1.70749091529
1.43419214907
1.40229818274
1.44353989576
2.26708272608
0.83807102611
1.13363237105
0.494790530838
1.98298356792
2.25555413903
0.386901493206
0.206237549669
0.100895127585
4.26170856309
0.495571531851
0.755975119066
0.876869744341
0.375723095297
0.0543024228993
0.179458150099
3.10431178113
0.119006888224
0.667448565209
5.13844827407
0.228088025495
0.272804695113
1.28131614346
2.11299150489
1.78257814516
0.797574563876
1.33581465747
0.216856134812
2.82678107953
0.508901966306
0.978996745069
0.335872252997
1.53576121509
0.545954651865
0.354171123277
1.35806816638
0.0549610621742
0.755071878198
0.165807533782
0.0645272282381
0.0500595577024
0.0253279603028
1.7274999948
0.21516224249
0.162052352259
0.526924446626
0.709138466118
0.30300875097
2.43889012142
6.82700105992
0.313731981304
0.106502457637
0.0813988299935
1.29023504076
0.578789366857
0.2792175271
0.0602662706115
0.177498403239
0.233099222171
3.11682548548
0.76545536849
0.838170760117
0.239744523102
1.33942441361
0.0923641020474
1.33060574994
0.885855335603
2.47843592608
1.94929929778
1.93257080863
3.57705535129
0.260594560475
0.193703498941
0.855202034596
0.110663904051
1.07470182736
0.48178203706
0.151331980342
0.145479110512
0.128217193238
0.441059253551
0.914949944356
3.25064272211
0.228943324284
0.766577560697
0.474008865496
2.48755597041
0.501132779541
1.31884960067
0.898447823597
0.789788780982
0.332787713706
0.302398654116
0.164039248667
0.545180728778
0.846379561103
1.13438959782
1.1254164008
0.866388690789
0.145013765012
0.114887909664
0.0457202492701
0.653590222193
1.18248532361
1.97945653383
0.417464326097
0.554042257814
0.0697990211019
0.204859493345
0.0855921364498
0.778935475615
0.987542383055
0.512831214678
0.527066559093
1.77881087484
1.95062186507
1.90909418801
0.105105544603
2.05844371426
0.373329146533
0.00278053248724
0.0412389929588
0.522700514744
2.67373114243
0.37021796404
1.11944545463
1.15780017765
4.49834778789
0.563352395544
0.52345796093
0.0349652525297
1.40679514478
3.44879517756
0.042615854176
1.13383446523
0.552846392611
0.0767025200665
