0.0618278658331
7.58624853182
2.3584281401
2.59023630985
1.63700034981
0.369828482931
1.20260030361
0.116916208855
1.73621570441
0.0403725346637
0.432520155311
1.20941100772
0.198518510869
2.24005073874
0.238036080411
0.0965496836663
4.22551343114
0.398668299369
3.59013690098
1.42352602664
1.16346627184
0.65394599412
0.67958209247
2.10471601799
2.05735118449
0.237285574621
0.0175481153075
1.90815325673
0.075152883326
1.81926209582
0.767415808624
2.03673224669
0.145347927573
0.721270571048
2.28995061698
0.582651128075
1.5731533263
0.245481081646
0.135152319792
1.27572074707
0.966110343676
1.59157666209
0.118339650368
2.14816284148
0.0653976737223
0.840501139949
1.31042430143
0.274105314806
1.38015600784
2.14341620978
0.433885839539
0.538531860848
0.15808094967
0.238029706099
0.0573506178721
3.20800160559
0.00287428326219
0.556792892302
0.195516255079
0.657628498493
2.72039090138
0.084997698803
0.746287652189
2.23126533479
3.66735881869
0.206531957685
0.0648472641157
2.39050173355
0.0393432669689
0.39109442706
1.2789692498
0.443165314899
0.861998775589
0.319743117442
1.58770162415
0.18630010809
1.30544040683
1.07170396094
0.187895699997
0.230008166346
0.255366426984
3.05604083969
1.10581393406
0.182407550499
1.56121870728
1.57082977511
0.044424659792
1.40412826243
0.484574704098
0.281225772839
0.465629353409
1.78697677677
2.12684946718
0.411317772826
0.03725555976
0.233500596878
0.257936524008
0.15058307403
0.25033592739
0.526111057464
0.02009844457
0.605422263164
0.645521963496
2.93430514918
0.0849452257619
0.151393837278
1.15176533804
1.01722006764
0.303737102231
0.529228442462
1.37259895019
0.349660566806
0.0521398253092
1.66217861125
1.90823933605
0.698402566924
1.62271819825
1.25931801429
1.54460067906
0.673165226302
1.20176804548
0.0416240579257
0.566818916832
1.76934501
0.298043455898
0.265847757415
0.369803358724
0.490415796963
2.03388735993
0.0556076537162
2.76891576604
3.73133847757
0.182798463079
0.0966224267771
0.75681353444
0.707616676746
0.38783677201
1.70118551757
1.82585396506
1.13709093579
0.285503608106
2.49722420025
1.879276448
0.584585610469
0.0165645295461
0.00162514537226
2.87545301381
0.738854455385
0.276341525199
2.91065128056
0.144762809053
3.91186273022
1.95518606309
0.378930731609
1.87670688046
2.05738975574
2.70480607634
1.74671348402
3.44453418273
0.154440611076
0.131943573325
0.0991853893289
0.901339603861
0.505376610205
0.256850191126
0.685057032039
0.554922732399
0.2014750573
0.145618765228
0.540483673307
0.722133263262
0.576110478075
1.15980479842
0.396152836826
0.0644604332762
1.89274004178
2.76222650624
0.540941045448
1.7626331702
1.14967848827
0.26539941236
0.491195052597
0.173667306175
0.393144154921
2.79013149243
0.450076686864
1.10915755306
0.26477089449
2.85599529957
0.674868769316
1.98654334565
3.45049254302
0.119070836084
0.495689517285
0.679874834348
2.15179623281
1.23781390308
1.09683926417
0.232646967283
0.734930767435
0.910777072011
0.152498534009
0.610243900232
0.0811830076183
1.11869011213
11.0817628604
1.14706257853
0.737573803171
0.24985159927
3.2659584512
0.166958293578
1.22094860791
1.56389735875
3.14998456678
1.30208827534
1.01877041459
0.18885757737
0.268438109262
0.239539762186
1.26284177274
1.06556452662
1.79310153516
1.18520116079
1.81435068192
1.85578593874
0.355408049686
0.399393398135
0.488970328739
1.47165216036
0.22691080655
0.0753795372062
0.86011363952
0.316134529282
0.0554887781111
0.762863634733
0.0789747604294
0.599223199804
0.680838729822
1.63447714509
0.28606344934
3.29576067557
0.284255143045
0.739065866229
0.292201003521
0.250143128039
0.132598207225
4.38296580859
0.704263410029
0.750718906289
0.0113798428881
0.140156979674
0.425116339034
0.837308411568
0.6869154352
0.163475549224
2.15681715251
0.289599272734
1.15294769751
0.254733537487
3.56283185143
0.875126261088
0.707666431725
0.040073148729
0.895835461129
0.849511990216
1.23369696955
0.027871023563
0.218277163989
0.461293426045
0.249335332627
0.16823485519
2.06763882931
0.296482035343
0.274282997552
1.32920270406
1.08520186044
0.322582615821
2.54285034348
0.338803665055
0.520601252192
1.63645324996
0.0725978380275
1.23385442872
1.02145106927
1.42137193861
0.0922813793524
1.67887244762
0.847839492363
1.68564848995
0.300907263747
0.341788087304
2.66505971102
3.58094071866
2.21804529619
0.0576959166799
1.021146863
0.086606067401
2.17309615785
2.37772417158
0.134537111222
