2.16404354503
0.306827436349
3.64238088859
2.1228330806
1.19085557626
0.766002141019
0.674827352641
0.955641314932
0.210869335219
1.32831701787
0.112658953697
0.36967157659
0.393879518242
0.0779717116027
1.1437652059
1.08604844094
2.35820598578
1.2483845969
0.311525907158
1.5838249347
0.627993896148
0.67693094134
0.211238416362
0.419017083877
0.13051098728
0.163437271205
0.187331775099
1.12355211356
0.230944459105
0.196876170146
0.388129403
1.14263107073
0.780457564462
1.01732490322
0.33021803239
1.23911005884
0.427758434289
0.168402385436
2.07990797826
1.64462870391
3.04506692566
0.0880564235935
1.18894892018
1.61800419174
0.914337381874
0.587079047531
0.157281625838
1.89805340395
1.2254026675
0.536437621676
0.815543721891
2.26874748286
2.20468409439
0.341814745968
1.00116177624
0.0982732496999
0.545140069585
0.45828019873
0.365771752471
0.537045174172
0.279916293199
0.521625019752
0.301185548669
1.15398841399
0.1209814538
0.336428642046
0.910520833772
0.0421107434463
0.971861615886
2.84500850807
0.0286497552028
2.57399018017
1.64079477786
0.98771622381
1.8679037057
0.537217126264
0.0326066333435
0.206220121164
1.35403234394
2.04208427526
0.963055099803
4.12684785997
0.370283807899
0.0311318321831
2.19382306328
0.169405962037
1.74999342621
0.390343931776
1.07828199056
0.0186244877758
0.140355155178
0.452848327292
2.20433080132
0.147745559557
1.03318729519
1.46981842638
0.354849310292
1.05958297208
0.253577017729
1.30725217537
0.503552470124
0.0285696421981
0.450698291977
0.391769774643
0.462656598387
0.37391105433
0.00140262849244
0.445992776935
0.677977632205
5.66972915794
0.0681689962596
0.134028025706
0.880620789694
2.526323491
0.371482366202
1.28126577174
1.85441886934
1.72572624068
0.301492876822
0.102531968741
0.831796858405
0.33184675621
0.636066290812
0.220156363078
0.857062149397
0.846856706142
0.125826880866
2.47922587835
0.322655277531
0.408773445885
0.506391526814
0.120896313008
0.676912420349
2.80472625629
1.14421148975
2.00164057233
1.5596922858
0.0802102927461
0.643533689587
2.63357080199
0.264706178957
0.753652046979
0.590357606378
0.602428341755
4.2912618826
0.225786200705
2.42542998367
0.00858001221835
0.73994996139
0.605979160273
0.0785711723318
0.259267248592
2.46266195996
0.678037480915
2.71972243999
1.12181958241
0.395355329657
0.317702932689
0.452442598315
0.187733740528
0.181427151398
0.799278305502
0.379162248984
3.30569554713
0.0864546754644
1.4624977002
2.06238786336
2.61582463241
0.557791061257
0.121208205753
1.31941504979
0.837695565941
0.192664513423
0.277921272876
1.66996658727
1.70814008643
0.479705866958
2.35631465538
0.557923562499
0.643348014807
0.872739629479
3.46226283392
2.99665997479
0.4225248877
0.570208330111
0.748035305897
0.221825611682
0.242677727782
1.58547965522
1.45925569089
2.4741027009
0.91022533792
1.1939424694
0.209396365345
0.525229215702
0.589103473147
2.34858617862
0.271991882478
7.67598487427
0.804588180678
0.134798006727
1.78600000917
0.844630075988
0.767054935531
1.04528588025
0.262395772071
2.78823875806
0.8812392459
1.18724431002
0.254992839216
1.45326455695
2.7923425225
0.2591655097
0.256218307036
1.41072691914
0.316995891165
0.67339516869
0.941509413041
0.0220912820597
1.27032985905
1.58052060261
0.253737238288
0.626658354005
0.465220894268
0.650105523712
0.241794396603
0.333474015748
0.0124015349136
0.346800655535
1.14916145101
0.131611509084
0.350458605423
0.881356867164
0.18272251507
1.02664227232
0.546318383759
1.10966752704
1.33238965668
0.247836656654
0.74421959119
0.236279282267
0.464675558216
0.332169008803
0.338441695805
0.407873700507
0.456197446866
2.45886908966
2.18845541866
0.150845897132
0.411252113819
2.62199275838
0.427420289957
2.26345974341
0.597051652317
0.21574632878
1.0176287974
2.34896500442
0.324078165241
0.765282031442
0.0230979513364
1.69452280844
0.164209592312
0.335965555885
1.66133063285
0.794557557301
0.94724100994
3.00986396786
1.39188243178
0.613905208399
1.31536274507
1.04938640994
1.27298600935
0.930614630472
0.378227439022
0.325200914959
0.0885291766292
1.39774012948
0.889991588033
1.13918191408
4.29670468633
1.12895065296
1.08867949281
0.751028871619
1.23816175526
2.37708781903
0.408580786021
1.13219701072
0.303207650661
1.49715810473
0.866790986734
0.830724913741
0.968292019391
0.120396729539
0.910000347642
0.135891943273
3.32078076543
1.56541333522
3.61212346957
0.186875752399
0.0982591958233
