1.25588561078
1.17376037788
1.14263850494
0.0316698238724
1.67218341508
0.0138552826228
0.843408588971
0.283605652383
1.18459122018
0.111491876438
0.467573410439
0.0323384865966
0.535422913763
2.34213727816
0.666835401088
1.89569393899
0.678909026962
0.348798729408
0.955227630765
0.392875087751
0.713969756401
0.911685167324
0.231503630293
0.0763898756228
0.664051496153
0.121689408428
0.045069386287
0.217275453775
1.67631371276
1.25092881918
0.380930954392
0.443353250571
1.16844469532
0.653996855402
1.8465051149
0.445235120076
0.222280664865
0.541652045275
0.649258051513
0.987610049839
0.423019449997
0.50498260188
1.27864646146
0.0119103175493
2.94901621756
0.103390870177
0.619106681877
5.61153163768
0.131520822036
1.01151503264
0.641978194214
0.458501777104
3.57192577263
0.371978756363
1.08864738668
0.361318825488
0.677896156221
0.103368786793
0.957808327624
0.740671096683
1.05027971115
0.158094553464
2.53276349788
0.291431125914
1.10726525362
2.23849778957
1.08769853344
1.60294535576
0.796970257877
3.96724749843
0.299865433103
0.806239191907
0.538430946701
0.249651594083
0.194030397654
5.43716766181
0.0910354861844
0.379479101873
0.620725192719
0.872424465768
0.954728528359
1.07188378913
0.0835377582891
0.270133005587
1.22061302801
0.166730909129
3.41647209608
1.26262423922
0.743867440693
1.32564180289
0.296649334155
1.91286796028
0.00623244826204
0.928470378193
0.86444976967
1.12979503014
2.06812747632
1.12960555001
3.62891370488
0.116722832814
1.2200580574
0.696144960384
0.345879094562
0.21328478342
0.0662987166713
0.344354749225
0.555168675825
2.16462834981
2.60846253032
0.286964463775
0.726509819723
0.953958778457
1.71767395193
0.00523203782958
0.0853736900896
0.747414440404
0.275008974979
3.43652178928
0.11370672123
0.0437249236746
0.729172037268
0.102498462882
1.20043956399
0.657203357558
0.0386335061742
0.534255746788
0.787600802748
0.125794756548
1.87473764453
0.337146278428
1.3868492543
3.25429381683
0.205762418932
0.137163297706
1.91785985325
0.823084288309
0.115654784835
0.340528103096
2.38575954786
2.28377297632
0.160541620099
0.402285127086
3.62386878222
1.60277785526
1.40872120739
0.621165218372
0.200689608064
2.95374808151
0.827996082471
1.58966576274
3.53653733835
0.188650191678
0.243414358932
0.0279428239811
0.208259149943
0.0156202862966
0.427815729009
1.25478930846
2.15754852813
0.14584847357
0.130329983677
1.51910155706
0.474748011652
1.71127965304
0.877044570518
2.17099193893
3.13248883894
0.632124505387
0.512653226214
0.971485921235
2.04842465469
0.142276430024
0.618894122879
0.0515629826853
0.513446260192
0.225999114246
0.295105709401
0.265158289316
0.0145404785284
0.526567584507
2.00544076863
1.0106844705
0.599262274403
0.817006283498
2.73120054931
2.63074356617
0.181562942147
1.02596235556
0.56178735614
0.449904302788
0.0572902794551
0.550959654491
0.560168446602
0.184971278127
0.588144194191
0.00194535354186
1.09187899421
0.142772216113
1.33016439705
2.100930705
1.74232687115
1.77240768314
0.0786673395971
1.96803332167
0.0396562465084
2.08555035385
0.974782870546
0.687894033083
0.798494351278
3.19186936279
1.36599368883
0.52498965566
0.130262811202
1.19347673355
0.176429281964
0.312038572627
0.349223253189
0.459766704922
0.198521864437
0.100329614002
0.819081365224
0.344106688671
0.598633232758
1.80605447324
0.719329645377
0.0440556229458
1.52047095604
0.277864324483
0.0784239786955
0.83599042378
0.228339468913
0.856652090134
0.763397092178
3.68411593696
0.00561539455084
1.90226158917
1.24611947282
0.648150905395
0.832312394849
5.21218769999
0.0869055601989
0.803818040299
0.755372750722
5.1554725548
1.67364952282
0.694285058763
0.887236461684
0.029079171481
1.14258351338
0.768287379518
2.47833699072
0.771723655322
0.155284708043
0.711275788663
0.980602615696
0.803291010466
1.81006263684
1.15851068375
0.54778502579
0.161400921926
0.0424260029585
0.0247351132531
1.04788300803
0.740456053597
0.302029793464
0.403639070558
0.296592626813
2.93530029898
0.465052764391
2.50799958706
0.236520536463
0.125021487053
1.29422330571
0.0536656194156
1.50357651113
1.54462557607
0.962894033626
0.0700493367906
1.3573526446
0.97770593722
0.329669076287
2.70800412684
0.0917632900833
0.840217389947
0.515895486711
0.898614565769
0.84835293472
2.18901061905
2.39192533278
1.82288077041
1.87289486209
0.525547748344
0.579909668436
0.140326607364
0.318415940349
2.03974258554
0.242260062145
2.3637740111
2.16062071626
1.62459063204
