13.5293146469
0.575634704158
6.80484209212
1.71417011352
0.346109770759
9.61124434956
16.3477312518
2.17088590174
24.5870980549
1.41658186386
4.33104724249
7.02040125235
5.78322506418
6.81136864428
9.69662763212
3.10641746231
18.1958916749
24.4785477976
22.8036864482
4.36972911187
3.2676231529
0.17778933189
12.0390860528
1.94790585704
5.85664544986
0.715355145158
11.5044998972
7.96635569754
7.32200247065
3.36243827796
8.30708482002
4.25135963854
2.98973970786
3.43284645654
4.66053869565
22.0662721476
15.3707111809
5.83060650864
6.11938198276
5.13126781156
12.2821684409
6.85580208558
9.21892818069
11.8840683104
16.8329211624
14.0118281245
2.1237468757
0.99433183733
3.93599217791
2.12328013769
3.63835938899
24.506509064
10.8089731985
3.74110606191
12.4141401758
7.69467859429
0.736146650059
2.14881750624
5.33773647683
2.40729700928
1.63701320082
10.8862170426
17.2079787234
7.45283120556
17.9055308506
2.43019389529
10.7151904864
1.03778491164
6.47153128311
0.589701228756
5.10490926127
1.14853973317
23.6766318455
24.4097167318
9.91410680166
1.56818591324
3.21759555754
1.88726692792
2.29677108412
12.8768235067
0.265539071795
5.82031676588
0.494936834708
0.411440782637
11.470830036
1.08237827867
5.25692039733
14.154538445
3.78233076648
3.23158634301
8.31848744052
0.111892362566
7.22194433846
1.04662831195
17.2011520176
1.4061673557
0.17129294037
10.9328259334
3.12650886551
1.41211772006
6.36431546074
6.4097761399
14.8095099197
2.76823022534
2.65192929352
2.24882470391
4.21980981124
13.3910598678
11.4805000863
0.00910207071489
0.560265190446
2.74707825258
0.33497509017
6.73505270126
4.52441876539
4.85581525978
8.56251362741
2.94456725922
3.62601616573
3.73303283367
4.96836097887
24.085409852
2.42619577242
2.78956048211
3.4033086695
1.30818231926
2.47971360947
7.29191335406
3.45873198596
23.655792043
10.5384598945
36.0006162095
1.28658230249
5.9397786932
15.9249832036
1.38322409498
8.32098944222
8.84923462942
2.09640586994
15.1694627198
5.54520136387
0.679941904514
1.26253804247
0.878164629736
1.1975007818
17.7262318746
3.81662173963
5.17270567889
3.43603045688
6.49591488517
7.07911280328
8.35938139649
1.44342353585
17.2571596855
12.4057074733
9.63296096012
2.05286337423
9.579020804
8.56494430535
2.35414183923
5.09104800296
1.14633429843
0.389977643002
5.08197876693
4.60224673016
9.79116383964
14.5049398427
23.8095198962
13.1971850081
0.49837642937
14.9906320558
6.47849059814
