-4.322 
-0.225 
-0.083
-5.496 
-1.028 
0.032
-6.900 
-0.427 
0.103
-6.894 
1.007 
0.608
-5.886 
1.795 
-0.219
-4.438 
1.332 
0.029
-4.019 
1.807 
1.437
-3.629 
2.059 
-1.044
-5.409 
-2.558 
0.048
-3.108 
-0.890 
-0.360
-1.819 
-0.374 
-0.094
-0.646 
-1.096 
-0.404
0.579 
-0.383 
-0.468
1.788 
-0.987 
-0.861
2.994 
-0.265 
-0.829
4.237 
-0.901 
-1.024
5.406 
-0.117 
-1.087
-0.696 
-2.628 
-0.641
4.311 
-2.434 
-1.137
6.794 
-0.746 
-1.278
7.789 
0.254 
-1.348
-7.522 
-1.026 
0.767
-7.342 
-0.450 
-0.893
-6.641 
1.037 
1.667
-7.887 
1.439 
0.484
-5.987 
2.853 
0.025
-6.135 
1.668 
-1.274
-4.520 
1.220 
2.206
-4.277 
2.859 
1.560
-2.950
1.704 
1.600
-3.901 
3.112 
-1.116
-3.751
1.596 
-2.024
-2.555 
2.106 
-0.869
-4.653 
-2.892 
0.760
-5.152 
-2.930 
-0.944
-6.372 
-2.973 
0.342
-3.181 
-1.872 
-0.798
-1.717 
0.575 
0.399
0.592 
0.669 
-0.212
1.791 
-2.011 
-1.198
2.966 
0.797 
-0.625
5.328 
0.958 
-1.004
-0.807 
-2.839 
-1.705
-1.523 
-3.081 
-0.095
0.211 
-3.112 
-0.282
3.849 
-2.752 
-2.072
3.779 
-2.888 
-0.300
5.340 
-2.786 
-1.119
6.808 
-1.319 
-2.206
7.018 
-1.407 
-0.440
7.867 
0.766 
-0.400
-1.004
-0.807 
-2.839 
-1.705
-1.523 
-3.081 
-0.095
0.211 
-3.112 
-0.282
3.849 
-2.752 
-2.072
3.779 
-2.888 
-0.300
5.340 
-2.786 
-1.119
6.808 
-1.319 
-2.206
7.018 
-1.407 
-0.440
7.867 
0.766 
-0.400
2.103