3.112 
-1.116
-3.751
1.596 
-2.024
-2.555 
2.106 
-0.869
-4.653 
-2.892 
0.760
-5.152 
-2.930 
-0.944
-6.372 
-2.973 
0.342
-3.181 
-1.872 
-0.798
-1.717 
0.575 
0.399
0.592 
0.669 
-0.212
1.791 
-2.011 
-1.198
2.966 
0.797 
-0.625
5.328 
0.958 
-1.004
-0.807 
-2.839 
-1.705
-1.523 
-3.081 
-0.095
0.211 
-3.112 
-0.282
3.849 
-2.752 
-2.072
3.779 
-2.888 
-0.300
5.340 
-2.786 
-1.119
6.808 
-1.319 
-2.206
7.018 
-1.407 
-0.440
7.867 
0.766 
-0.400
-1.004
-0.807 
-2.839 
-1.705
-1.523 
-3.081 
-0.095
0.211 
-3.112 
-0.282
3.849 
-2.752 
-2.072
3.779 
-2.888 
-0.300
5.340 
-2.786 
-1.119
6.808 
-1.319 
-2.206
7.018 
-1.407 
-0.440
7.867 
0.766 
-0.400
2.103
