0.982953194226
0.231367385089
0.421897840681
0.287987436742
0.136437630081
0.101540165735
0.447061947855
1.31185446922
0.721478833682
0.629913527761
0.703576720591
0.21403283221
0.318369659844
2.24395276286
0.524355940743
0.313288260672
0.213349031558
0.633700488921
0.235953310775
0.858807385596
0.279178197844
0.930062344689
0.654429487146
1.90223568232
0.132628372359
0.464248911874
0.296024465133
0.00825024007254
1.65083097981
2.15780510742
1.4355224035
3.85188179948
1.12922575877
1.04445285771
0.81893928907
0.292516398129
0.478613804175
0.25569430643
0.288178506753
0.640546056349
1.4078383223
0.823417983512
1.26636679508
0.330421844819
0.126372958151
0.441239350129
1.14600466962
0.590598568875
0.217150656022
1.71196529005
0.448391885688
0.304226588353
1.07650537138
1.58536620094
0.358605096699
0.378628952491
1.02268897721
2.51482559981
1.28133002133
1.1049160457
1.47609704256
0.0443766369993
0.0422519345549
4.96115978336
0.516548358651
0.434242873056
1.60784835341
0.951680999935
1.06775534167
2.03311834713
0.240422024506
0.0502787328516
3.10810675689
1.61622414602
0.164155666087
0.274069227001
1.50194600159
0.335983558234
1.57340737067
1.19167603588
0.176637404106
0.0503731835245
0.510453257184
0.0446430615058
0.845918646017
0.146684556839
1.24188326571
0.0141635389403
2.03452436236
0.189223856307
1.07487919281
0.810847601389
1.2583571488
0.197542575927
2.46336526449
0.540305596865
0.164807203007
0.269182652059
1.43763631748
0.808982307984
0.223218343338
0.187098169939
0.130708932131
0.713572649606
1.79580843766
0.797661447678
0.0167525945903
0.592495316037
0.0071650810371
1.8126612174
1.55064375675
0.999620092536
4.16877474336
1.12818073754
0.111002549027
1.49587244581
0.143909497448
0.756003859439
0.482563505348
2.87260237399
0.274132383562
2.57671500169
0.102205218111
0.327336354111
0.540984436104
0.357244231411
0.35885012102
0.452432431694
0.418983619382
3.88044189392
1.19317551638
1.54070085242
4.47805321448
0.352815143952
0.509689826294
0.996404724602
1.83008930566
0.435484073922
1.23904829548
1.44594973312
0.629201664281
1.10362471382
0.126543070338
0.890388422986
0.258926898456
1.38090540588
0.338025153428
1.92241375895
0.942977772278
0.172956533789
0.364452763081
4.13021485518
0.338540122038
0.754501213748
0.138311770642
1.64016421256
1.59362737151
0.0665784217587
0.0540684878978
0.349781458085
0.0250446489431
0.146594122376
1.10801878498
2.77611457364
4.40840134091
0.36568732779
0.740744169335
0.535827335918
2.13584839518
0.650122374709
1.89871966596
3.51262468588
1.68923092154
0.488255594108
0.837327724372
0.511951208962
1.44555980801
0.832650567965
0.280391143701
0.620547766431
4.84676247608
0.653180002644
1.53383383852
1.72564202165
0.18134434788
0.294360580485
0.119417559691
0.41492473377
0.998382613685
3.52805137201
1.11211830289
0.284048154882
0.675409469575
0.365384538352
0.151874197924
0.0276654742094
0.275112113398
1.67628863456
0.190049030743
0.629109638906
0.530304950467
0.40351508175
1.41896424769
2.23533150184
0.974929407338
0.0993238150929
0.505015858375
1.13374289795
0.553079397906
1.09653434027
0.236315186145
1.13390057792
0.202325047412
2.20561413908
0.0325892144681
0.9947510512
0.138696226489
0.462886698198
0.342168970265
0.110276608757
0.439544621744
0.764114715697
1.46906557714
1.55810789107
2.18169699671
0.0974379427283
0.171133268575
0.668775150248
1.15402044922
2.63945693795
2.06923871458
0.733472463068
1.1746170564
0.410711191315
1.13996677427
1.2618065804
0.9677137297
0.125609500102
0.961712363154
0.226373126648
0.0244952332378
1.19733879175
1.40236142038
0.571934259318
1.1015894039
0.134692466604
3.78656952356
0.189389256872
0.858920823381
1.87792474241
0.331826280949
2.21484863876
0.292550123321
0.321826454561
0.0137722202111
0.303468017086
0.514312508584
1.22329440475
2.66360718231
0.599002321893
0.818079016462
0.350566915345
0.359973684411
0.554924374057
0.0639992658966
0.0315034392961
1.94219483894
0.630631774702
0.78562075332
0.166346137907
0.259578718278
1.90029053444
0.40757043034
1.26931814805
0.29534925322
0.0961813095372
0.464808562689
1.11291231281
0.0886673863188
1.45917131497
0.528946263145
1.54820541135
0.419909225748
1.50649274183
3.77409326155
0.337887158976
1.72291237463
1.48995467333
1.16592904918
0.645266555632
0.695291954579
2.00891385756
0.0697651858916
0.658920383835
1.07096390562
0.999161265886
0.145454006724
4.15151148453
1.92407638924
0.603511921496
