0.974034913671
0.0395330178244
0.048747923634
1.94732684785
1.95205347802
0.719393747985
0.802140576771
4.55953615774
0.670300786126
1.64525132897
1.21272358522
0.173059617564
0.067176766456
3.08392664973
0.475591458524
0.387951182721
0.0513319063169
0.911031704418
0.311937895544
0.477815379791
0.0646209654744
0.0357628382272
0.427089818982
0.149374715958
0.598814611363
2.03423157129
1.40607794408
0.253540339058
1.86229266756
1.02178438921
1.23774508321
1.97692164094
0.975659089053
0.165754770148
0.10393883335
0.803028697662
0.811237015633
0.836397133819
1.49795584787
2.43019308342
0.801723756366
0.214854570568
0.594010982599
0.0279240386335
0.085956560509
0.212734697982
0.434725529478
0.30697771836
1.31909236284
0.137560940529
0.537617118495
0.54653851913
0.299689490536
2.38795536638
0.328244335712
0.288931828439
0.765260280815
0.253337723621
1.24092386564
0.0385096774102
0.469974121846
6.33821512516
3.5479002889
0.287339201303
0.195313410147
0.0567951169506
0.173893708716
1.11082079493
1.62738973075
0.344683010236
0.297891602153
2.24261991689
1.28224929379
0.297210837416
0.17746246157
0.744582574561
1.40047717811
0.0966301869003
0.416193112312
2.34289299411
1.35921007644
1.72603055617
0.035080922955
0.527032154944
0.0873608807409
0.137080255385
0.00809362780726
3.45946724019
0.191053440704
0.398180967352
2.88424161874
1.07452941292
0.713342448038
0.775426125488
0.00224050924249
0.626177170496
0.860023570662
0.43875983664
0.424831644775
1.37397777096
2.31895901791
0.65277222978
0.462931684776
5.40509506195
0.531288225369
0.0150963824317
1.04650097062
0.768304958151
0.216823890685
1.83254641573
0.308914472306
0.689067884774
1.04427368012
0.826432690197
0.406079944236
2.10363122008
2.06787418974
0.139567987037
2.27366904696
3.66595867018
1.54467418777
0.225421540256
1.55430037438
0.206983079206
1.18718866838
0.900675728317
0.0228623501614
0.161090174093
0.669820949983
0.845695400734
0.00705121349951
0.649764627818
0.0708645126187
0.677064481119
0.182381196781
4.43473044064
0.957662505968
0.724252744064
0.0562643189951
0.18280551603
0.140745867924
3.05835961716
2.36872165034
0.828708214272
0.393750112434
0.917944677087
1.1328978895
0.624622278205
0.138825246217
0.914346829011
0.361164245789
0.968519399718
0.221865456663
0.183131199269
1.54295097693
0.0765224910013
2.57391714195
0.219223549428
0.292349981461
0.92266300817
0.0421323837842
1.01759005989
0.59353097562
1.30229083956
1.37348435888
1.31054586692
0.779742779779
1.62492808771
0.772309615924
0.205581776981
0.11889921257
0.569232123294
3.4065537323
1.74501553954
0.649240284368
0.0208273883256
0.680898624419
0.176835242086
0.227134740015
0.281222571055
0.136855292042
1.07908391632
1.38326360957
0.446649440339
2.85071594523
0.170547910651
1.0670458271
0.398973873845
0.0740841666808
0.191993737759
1.78124608137
0.934906527474
2.54758204462
0.851196927112
0.896613708885
0.650618519616
0.60259820169
1.27926243079
0.107436876534
0.25839033354
0.0502762378437
0.293724223883
0.153128492721
0.102698009498
0.830998438052
1.04850810902
0.492309661644
2.48880535937
0.0242507512873
0.952159886795
1.81658036615
0.517973398894
1.69856885338
2.64898565606
0.266550663061
0.394144196406
1.36667469726
0.265568824841
0.003339651838
0.117652164171
0.661120099991
5.10006692024
1.38723144325
0.391729617896
0.570106219631
0.986597973343
1.26498273242
0.106451021392
0.397881979274
0.138187631396
0.340488928979
1.23506226142
0.561660395651
1.37400411264
1.68638291148
0.936406397249
0.291298930908
1.66716682446
1.26272242309
1.27123076532
2.30190377318
0.700921408043
0.0544030628406
1.54159352148
1.04984702437
0.219992799773
0.801164580906
2.23025464428
1.94880666918
0.50630178902
1.47896364101
0.571286768433
1.24178742669
0.253518802567
3.00937781071
1.04334587465
3.28281888825
0.41890807125
1.52454540344
0.608137190438
1.82669301137
0.288940800906
0.241727929243
0.721375891682
0.293012119689
1.41954056443
0.468942683317
3.01059513829
0.231869640471
2.75853605322
0.554933995427
0.768345013393
0.0585868157533
0.0162404470272
0.0514055910987
0.696913056137
0.163557091794
0.245058592432
2.24311892443
0.957690187523
3.54165008878
0.309247224849
1.26457031221
0.291170594164
0.395126810099
0.210032774152
0.658741020472
0.686336583611
0.624324483414
1.8698862833
2.49368619342
0.123992719539
0.565177305053
0.680552089475
0.508686569841
1.25578291679
0.906872702443
0.6944834631
0.683922421315
0.225849071714
