0.616254506154
0.283755587068
0.156990583983
0.404143324251
1.40467049524
0.563505688711
4.04569329033
1.58230309459
0.438038008849
1.24649230763
2.00611196039
0.201882472234
0.575634597945
1.27509908726
0.0974144496897
3.03749520142
0.0903435502772
0.335669184197
0.372640851018
3.81583307829
0.138362286281
1.04497847045
0.761871060328
0.190135977321
0.202158763777
0.497867456517
1.77623964062
0.118521182585
1.21594975356
0.00180611947072
2.64779892387
0.149196141504
1.05372529182
1.32204287871
0.334893422356
1.24085492674
0.966354454685
0.528112052297
1.02040043307
1.91431915854
0.776094691049
0.199603283834
0.384986171593
0.612552510339
1.13363026021
0.942764561628
1.34317047824
0.689184344344
0.429995007503
1.49866392247
0.115267996922
0.0780936718362
1.11290912951
0.240945369618
0.0649816165425
1.04559821018
1.27767530022
1.07756013909
0.490777651756
0.251314856908
0.0207533497012
3.39230022555
1.16656161632
0.851669041432
1.52774272533
1.76656659097
0.0736404400623
3.22326338481
0.0726325418102
2.35963740851
0.214510857473
1.50441809546
1.18353724282
0.457138130876
1.62903997274
0.343023966584
0.103749019562
0.205135662276
0.72169315423
0.578618562241
0.313494353371
1.347196211
2.4197822795
0.110734679478
1.26856526216
4.21300223202
0.69952189004
0.8827984806
1.53576991506
0.76792006665
1.89007187345
0.110215867697
0.89822698357
0.235169791607
1.9186666348
2.05587846495
0.311443195925
0.0396791809439
0.668471328971
1.46751229065
3.42199044116
1.33981419088
0.638278394796
1.60177020538
0.121327810164
0.354192013554
0.498998591731
0.529426751332
1.21573393161
0.611776844571
0.520622277071
2.5283813179
0.944168808774
0.33165776531
0.12608439933
3.56859578968
0.953762430871
0.459453780001
0.563564062745
0.0741482181954
2.73137735638
0.410270773539
0.92730060036
0.312026829319
0.00546113331841
0.326570054763
1.06674512731
0.63983247985
2.02839910559
0.790713187276
0.586939145244
0.0950381407225
0.117518705685
3.36932275965
0.69168415734
0.893110581449
2.82858112793
1.15854836579
1.56549491312
0.215942356951
1.09315869321
0.871498726464
0.351580469389
0.685407903017
1.77224122183
0.659740536609
1.9412211494
1.7530471356
3.01372031268
2.28431326688
0.577283656239
1.17047457884
0.523617270716
0.242271142551
1.3569766149
1.00906494326
0.609255272247
0.307485705615
0.748797143249
1.72328989194
2.0692713867
0.88882688137
1.5348951626
0.928915480798
0.761908419185
0.176152264618
1.37955949853
0.15407790233
0.116800350914
1.30059765946
2.51813342386
0.703440522717
0.415541721849
0.514211305817
2.56534424718
1.2066597146
0.870678722135
0.919368490326
7.06912860247
1.61574019379
0.545022454831
0.138172268677
0.926101339988
0.845426966478
0.561542555305
1.89599669372
0.411277336317
3.8683717649
0.193502494476
1.99612743658
2.93071945
0.0692635979284
1.37285129185
0.709539296124
0.20833834859
0.86930238543
0.185117815358
0.191938644271
3.90376641225
0.153967391393
3.81280398516
0.949145804351
0.918661199508
0.0709593986193
0.0574668895364
1.48650600064
0.606995356932
1.18779582735
0.404558430952
0.974461387997
0.786454961556
0.181536203316
0.827221098809
0.714318923082
1.14235024067
0.342014401589
0.33365791975
0.444631423754
2.04467741852
0.109219201055
2.597468413
2.44537493521
0.307998008917
0.431786199733
0.403965638246
0.0148196391836
0.126465533397
2.32841509038
3.44376038456
0.193455976333
5.75044245114
1.13893869441
0.822793140544
0.458075980463
0.263353151921
1.02922832295
1.15802034087
0.125037466654
0.624223877238
0.376324873798
1.78169496565
0.257626936014
1.93790707746
0.444761054871
0.0162142366619
2.73587886533
0.178601307584
2.44916361568
0.0871025323739
0.322052328925
0.00515999643394
1.55798536053
1.48876526568
0.0310740372283
0.0807786330758
2.19825014668
0.0710005111065
1.465005002
0.361575590965
0.853276334701
0.0443946940007
0.524633557571
0.0768454865104
2.02852931227
0.692810394073
0.607499647034
1.27966014572
1.13610975891
2.49694598479
0.990462282074
2.29762500973
0.393540622767
0.168368048553
2.65950503991
1.37937643032
2.37723123375
1.13796634316
0.250967648391
1.90318547256
2.15534841655
1.60407374396
1.03067100489
2.87958332365
0.0718528553475
0.222229715724
0.130488074
0.506912309894
2.94170231344
0.74123588929
0.496724906137
1.1069459452
0.073897931368
0.0755146936238
0.609976382121
0.106432564
0.485084647673
2.98671436729
1.13033139062
0.518031268789
0.788386986395
