13.2225981178
6.58990945771
27.532703075
9.43769494502
1.3467816823
7.82545065646
0.576978414144
0.907420611165
3.39364707458
8.02167246695
5.08972237994
1.19543573131
21.5875314097
12.4585353177
5.56343870025
1.26535620676
0.223429818882
22.6916316888
0.690702270963
6.57942900643
0.142430118047
18.4038362765
2.60509639182
1.20027239106
2.21323374862
1.81848235752
2.38287996536
16.4042543997
6.94897880428
1.99218591712
2.02210484188
0.862269572567
2.42733557886
21.3971580252
9.18506559201
2.30326955185
1.27498534582
0.337256718224
14.0665100936
0.902350139749
7.94581937289
1.56495099727
0.800385024061
11.0838255358
9.64431334851
4.59618233792
2.98646231923
0.666945514006
3.17746864711
0.666746559454
13.9649333768
7.07730890853
5.07400890505
11.1630371765
1.96555880555
3.97216777286
3.31810339749
16.0596814789
5.7511591987
5.24495997757
1.47161477767
2.3083409069
5.14548200379
20.5665209399
10.0089639944
8.09449410545
6.70090949141
2.28626137859
15.4219850991
10.9479258311
22.9805633848
0.33410779396
3.30595790253
7.00101803184
1.48467892413
8.80062894896
2.78003614571
3.25146038125
26.6137940712
8.98231269361
0.91786965392
5.27744798542
5.96395965289
7.05256482912
7.78198601057
16.6964761223
3.73001549789
4.29310270256
6.0615865663
