0.886228273762
1.37355851009
0.0865651718703
0.111640629084
2.32072028341
0.648547030217
0.481473568784
1.0249975257
0.560267091893
0.457661195635
1.41766043506
1.2481123993
0.721982103235
0.150634903523
0.425611495864
0.914446226584
0.396227638193
1.23360326757
0.371117223992
0.26512965696
0.0225810064625
2.44672762592
0.0482520984069
0.583808236889
0.125366795934
0.995279896658
0.317263721385
1.17665890596
0.505469037278
0.620039301179
3.05515081195
1.62345404987
0.341133913118
0.227572212352
0.921988988974
0.631247294417
0.674737842642
0.922983839446
1.41098505674
1.20107415138
0.122480235917
0.102084469189
0.161750466088
0.319992254336
0.335813524374
1.24806431193
0.0099272006248
1.01097014191
0.903457496245
1.38367631106
1.6226838154
0.887239648602
0.0675710299688
0.598935620648
0.191971045919
0.113192359284
2.6436607748
3.78946953529
0.851472734402
3.06500495506
0.799451845773
0.128556222454
1.86582625576
0.920850223679
0.415466098077
0.0785604899263
0.329054440595
2.16920650641
0.0532141619604
0.634635074016
1.08729407894
0.64913397176
0.221464342904
0.217958842899
0.0773524082377
1.19680549661
1.67260825076
1.72356115707
0.189612283346
0.393852808221
0.257995679573
1.21144402891
0.373895879635
0.218943814138
1.7026107489
0.355006163682
0.348776946604
0.462456591685
1.17992083724
0.00757800716203
1.47377025346
2.40682402046
0.315202640062
0.516698767793
0.295807388019
2.21635362346
3.36642885426
1.11371175932
0.0947859059145
0.931779337689
2.97075534561
1.18259216851
2.58484472547
0.111178854365
0.180132030489
1.44239379319
3.22766498825
4.78575015241
0.255888651866
1.81577328209
0.597926139973
0.108958293936
0.341421356499
0.484765978415
0.509541667971
1.80590205797
3.26803155077
0.0509840813017
0.164981914562
0.695160617656
0.0860055894998
0.547563225649
1.35389338883
0.220608710506
0.624215926856
1.42847416105
0.39274464228
1.30472231564
2.99864806506
0.0422519087598
0.322247649652
0.248221482125
0.316297255368
1.04827665127
0.917240089264
0.224516405581
2.21070891292
0.509670623093
1.74475533731
0.33282797244
0.513497732565
0.112639543082
0.369911448694
0.182457888876
0.00924280769607
1.90999484936
0.345577633956
2.94896293287
3.51333995407
0.0486806792749
0.605743117416
1.28423886239
0.0807396112505
0.444614622181
1.88701920475
0.00615243909424
0.668704103358
5.38008859728
0.708830436945
1.07194711665
1.22256615398
4.15841004536
0.547043535082
0.195883821351
1.37923566008
1.0585336828
0.319207743131
0.933005841758
0.240222266185
0.275829940314
2.09536876438
1.76942174847
0.273453288907
2.18051527257
0.584923311414
0.763356897915
1.16141598696
0.371259158536
1.48082242453
0.313774838876
0.25429713561
1.13008525761
1.91309061467
0.58570435923
0.0199208724878
0.376258539529
1.52253811474
1.33720033728
5.18694215168
0.792648535306
0.287850753753
4.02031421486
1.04828057197
0.377391789565
0.88347104657
3.0236108639
1.52829277287
2.42434025351
0.590017709909
0.19015469264
0.793400434058
0.425217016133
0.581817790072
0.447146774572
0.102231588276
0.656614147639
0.397595711756
0.3183149906
3.28159026859
1.80776535768
0.50145345845
1.24934357063
0.614564535977
0.96370884761
0.296106947038
0.146048497309
0.1856610423
0.605355400922
0.734102623961
1.13216431536
0.107208251154
0.654455913985
0.506771849453
0.0799855521571
0.0411994544739
0.549607419093
2.33833348215
1.07314764594
0.953950783364
2.05944540962
1.72007121097
0.66840309185
3.33610037675
0.057975205723
0.0574465406868
0.391193717922
0.110289044151
2.36330089167
0.971594828117
0.259203384504
