0.490394468866
1.06438342275
0.121514392262
1.50646100709
2.36555856795
3.55739670626
0.579605242912
2.31398883593
0.141313124639
0.940144018368
0.625959870935
0.116823704082
0.371640586894
0.128371056478
1.03675983652
1.26901197559
0.268880589826
0.465413458137
0.550489894698
0.914048328594
0.496692205988
0.645605339125
0.2733782369
0.301361967391
1.04966217282
1.99535936479
1.29912421578
0.43291253372
1.01385888704
0.0755931374758
0.133330913009
1.0901882516
0.768749658535
0.122781651116
2.7759386042
0.832316439399
1.88695062867
1.33067169941
1.31283120614
1.62560523794
0.442275688023
3.84388370767
0.434852148011
1.14214584778
1.89103551086
1.18848419842
0.364485145383
0.47508638473
0.901737228231
0.764947846218
1.08022468869
0.245605905415
0.0832072050564
0.909648933126
4.82385013154
0.269324032883
0.0627928110484
0.25653703483
0.195676926816
2.51828189683
0.0541957376312
1.52026095317
0.804441794757
2.46144206271
1.13922369753
0.299625524671
0.794543639549
0.370844907954
0.0211316831723
0.156547136294
0.855920130377
0.974431784689
0.368094745731
0.315017802876
1.05112634501
0.871649287251
0.593238842466
0.351108513542
1.4711765562
0.679000365153
0.990856518623
2.44447920404
1.42162604533
0.0640124574513
1.14378558189
0.913379976546
0.445116336726
2.87554276659
0.48759596185
4.54044121764
0.402719051867
1.32134094901
0.0770255386666
0.299672965976
1.97314313237
0.594534966661
0.302617186921
0.425597580263
1.6245280731
1.5383974095
3.37366779107
1.38982892477
0.327494898506
0.432093064404
0.148148963449
0.00677969524022
0.598102093767
0.531606140307
0.354818082191
0.682048590245
0.537667293506
1.30761399165
0.153904452713
0.376188401572
0.589295513971
0.348249881172
3.3793240944
1.79068295363
1.0154986212
1.14990126293
0.338028224664
0.844339480269
0.517839748639
0.586118462449
0.793512518378
2.03628466007
1.5110862163
3.56395822725
0.569856744127
1.15808767098
0.0426059774899
1.86278107734
2.4055570637
0.358775540283
1.09182012482
0.774702589465
3.57472180337
0.452002422327
0.685112457894
0.202453583888
2.77526057804
1.0612841147
0.415030493416
2.26665616539
0.219951465704
0.457209652937
1.7158086891
0.311931822921
0.138871582239
1.5192482886
1.62596658948
1.00636279143
2.97231633565
0.35089421111
0.206578255408
2.55566268027
1.55996875742
1.33319888616
0.417630156108
0.198020274919
1.2043342403
0.479586014813
3.30614466352
0.161151285331
1.13848938748
0.240495854076
0.344928132659
1.24808438405
0.876485872735
0.118201514821
1.84561055544
0.142562255839
0.393557827249
0.731493694063
0.310454994954
2.08348228464
0.215454929006
0.796822180577
0.242995967706
4.30520551842
3.29087348023
2.10563390743
1.43588259819
0.50615704212
0.268575433319
0.450442042315
0.787489729519
1.5853113426
1.53878834511
2.85517030477
0.404149788829
1.52399819795
0.689370695443
1.35018371917
1.81943466618
0.300402823997
0.0259790276497
0.304972730046
0.697614837801
0.159432970553
0.31649484441
2.89356864397
2.82957011242
1.02441377076
0.00284069578473
0.328852083508
0.48354970732
0.951429961237
0.028207622438
1.46962014759
0.272155843446
0.517250555821
1.16169922795
2.04788118957
1.79782256054
0.158229798884
1.49295006919
0.0337505302327
0.357719180116
1.12917006408
0.465951744575
0.329644853702
1.29641333108
2.35851938024
1.30498038207
0.637506892599
0.149112040158
1.99538864746
0.390369336592
3.43484044309
0.811683196176
0.061141767725
1.72254948147
1.53478140092
1.45632538433
8.28537065936e-05
0.623155770096
0.51479464328
0.788690396174
3.60314715123
0.399399927003
1.92399959044
0.0362603108991
0.266295129706
0.539990020262
0.649878068888
1.13313114518
0.811899158871
0.22108346969
0.0262123607869
1.31557378781
1.02353224719
1.7653222426
0.216814452013
0.75075447243
0.944806656204
0.98631417972
0.047364896761
0.964347249049
1.78670593063
0.529082667368
0.994130640695
2.63924327678
0.776725793291
0.528462837534
1.3216371149
1.38366206868
0.232346628482
0.00923675363793
0.225801966283
0.360788182317
0.538019826707
0.819215394753
0.141690282761
2.27921227962
1.50345939264
1.75662984253
0.373125785825
0.701053757699
0.0534082968408
0.49701834347
1.38429087034
0.464960125834
0.634151214945
0.707985528456
0.403555992589
0.0484608178091
0.0188655085586
1.06067630663
0.499343711774
0.215110988774
1.21309036833
1.57576914
0.648409506844
0.635602871452
2.46208240373
0.0429339174411
0.165898374174
0.466405134353
1.15824279312
