1.68204275762
0.788872109198
0.73714617485
0.240527915094
1.91607766744
0.00724248097413
0.280303837914
0.405778827038
2.36387958661
4.48376071938
2.54719080725
0.922472885785
1.67940325045
0.546170841474
1.12203552503
0.78560013097
0.754854011017
1.75996382419
3.11364207189
0.074985867092
0.0863041580836
2.60682360832
0.0714935387802
0.592061889099
0.215362133313
0.313110679088
2.30238969757
0.0650134987646
0.183022298846
3.51127288052
0.454821976145
0.0420071973011
1.1503224357
0.0990086617201
3.08450325616
3.98458289948
0.059317566406
0.961605473164
0.581853116377
0.294753554841
0.50867065272
0.155134735891
0.166902582516
1.19483872302
0.727929925651
0.315280148899
0.163021867788
3.1947388854
1.85237798925
1.60959663209
2.39063386749
3.18278358213
4.62869779334
0.281856025011
0.331081985247
0.903223064091
0.154766889901
0.319042252228
0.0230709271796
0.445732117902
1.78819842721
3.20239614113
1.17188323718
0.407766096763
1.61389051089
0.961522379088
0.0775522214615
0.134647809382
0.0137394783083
0.0410379653723
0.281855421668
0.289742216846
0.32251602355
0.867908070642
0.94326390015
0.748331023572
6.19434189561
2.22684663494
0.435265449102
0.287912861552
0.0926600506838
0.151542697974
0.569826699067
1.60831461369
0.431472703898
0.7900312599
0.817630120187
1.27748563461
0.908000489273
0.159319578966
0.273884164357
0.161722152603
0.28757440436
1.6715263933
1.48371063099
2.5290821261
0.475720356405
1.46494393789
0.702140956355
1.01924042426
0.603593418706
1.00286596977
0.216448649474
1.33666542061
0.547530505704
0.152068113321
0.174059448461
0.246868238046
0.380915294111
0.44133200262
0.465192596564
2.13217243587
1.29480900791
0.0798303644262
0.103971509191
0.748552142074
0.717228383578
1.10349352212
0.352573318463
2.39346673738
0.452200116226
0.118485670617
2.42869240825
1.58866004421
6.99677722734
0.0202996819645
0.709060986511
0.377663501281
0.0175130009118
1.04644607185
0.558182622716
0.00837337555256
0.102200055674
1.89531688232
0.16621077597
0.277304943073
1.04964171616
3.6288731889
0.239288280456
1.35153416308
1.35894470024
0.103848263818
0.438038383502
2.08072772491
1.11572608925
1.67482315429
2.70808471662
1.47042780459
1.10121054281
0.477783495308
1.20071617375
0.752126832322
0.382036351534
4.0058037877
0.0982446468945
0.112327206458
0.237664555973
0.398320686897
0.4820711101
0.315378142195
3.74037396457
0.995136191699
0.0911525637671
0.240128191718
0.624638984008
3.64471248756
0.148189009719
0.348539959112
0.357898267871
0.449309426739
1.98660679303
0.409897446248
1.25143288463
2.50466910951
1.40502254701
0.524640339
0.1526710954
0.310745436493
0.709503198841
3.41758867562
0.0581062248817
0.770135010393
0.471631427715
0.0285350444339
4.97479092407
0.719612204546
0.902438976134
1.23150987076
0.215719291608
0.233548567294
3.5828125369
0.193132126796
1.36402073302
0.962742011608
3.31855237716
0.106306921209
0.00958780317678
0.465064358391
3.32544918212
0.242484269094
0.00551482529612
0.0632890204735
0.650152935162
0.11946889253
0.435997572292
0.247665081092
0.209653579548
1.13063259332
2.05772954789
0.846180211021
1.72370793378
0.836044432059
1.90079417498
1.69746075366
0.957854977025
1.45267098218
1.50913915745
2.76575004048
0.0693538281928
0.980348473796
0.445989950351
2.56389409542
2.06979881564
0.180481370796
0.42042324064
0.42138196261
3.22250582798
0.513235078308
1.71953555368
1.50605971053
0.181802803559
0.461948036252
0.497921175246
1.63604699563
1.04183364978
0.412389790842
2.04480871156
1.63278810088
0.318444475499
0.0779324098047
1.28064538044
2.76076803415
0.169382122358
0.618367437756
1.05762507817
0.370268452177
0.249482680632
0.0132070800375
0.126280637835
0.138144944354
0.445444687252
0.485887489126
1.91210043165
0.528594933658
1.53523109194
1.11938032719
1.01056962572
1.28188292941
0.181627737262
0.705885129733
1.57771406334
0.433190366713
1.51879892319
1.33213245059
0.163851542835
0.256107515499
0.185371041743
0.324021146434
0.34858871514
0.158740828778
0.0394840237771
1.11757424787
0.836575174233
1.06111854901
0.713816674804
0.535019236349
0.57347824428
3.84749341948
1.45220438025
0.150229366837
0.0343123744831
0.349578031978
1.00605503473
0.966401045386
0.455555781346
0.597536473826
5.28956469227
0.920156918537
2.00351885546
0.498351459131
2.23152219143
0.209474697668
0.0788901422282
0.0706482743533
0.250897315966
0.470529506831
0.854770348877
1.64528208442
0.195146626825
1.13940381667
