0.013313093923
0.317908185157
0.077246965355
1.08844951058
0.217470543005
0.11804743938
0.373768771019
0.888126185356
0.857964712204
1.2948587718
1.58442991542
0.872785163926
0.553798805072
1.19584288813
0.733970765775
0.361818255966
0.103006482107
1.54848712055
0.674633052489
0.414825562927
2.54884038207
0.644647758616
1.44550067075
0.0101324504477
0.113049025588
0.0275186875081
1.41366268574
1.977466061
0.0476873502452
0.159126763552
1.64793224838
0.869695928699
0.50681639375
1.25214750696
1.69057583268
0.344195088101
3.33428423965
1.31861075854
1.72550064501
0.935950088426
2.63992514155
0.956068175029
0.654838448469
1.01702602339
0.36738452867
0.809891261548
0.0817066458681
0.441364471478
1.96200964299
0.942450957277
3.12368730988
0.652024965756
0.650676461231
4.66749320902
0.985571071334
0.99973320796
1.26778470157
1.84957020411
1.39111587519
0.184019573644
1.02886955521
0.908870212866
0.32790314201
1.85262068675
0.78787683689
0.739398304466
0.373506801089
0.208749374961
0.831024172916
0.10180883845
2.39483569186
0.0191532255321
1.228683721
0.466796212957
0.659780735976
0.288694519264
0.123920652681
2.06973199282
0.0210594158269
0.990962848669
2.13878494368
1.75809752791
0.730957869337
0.740989958092
0.998728056546
0.577436202078
0.0312219728887
0.228924296324
0.162633760513
0.824069697707
0.648117376784
0.0358985030083
0.152081592583
0.725644293209
0.513416307706
0.292780192372
0.651040661326
0.359665961718
0.255999388264
4.68541019473
0.0959860289105
1.86852039411
1.00724367814
1.37562356419
0.118371559372
1.9075812669
0.67781853126
1.74328176063
1.15100064719
0.770723283191
0.157749317429
4.41495709665
0.733048887426
0.24670556889
0.226643792591
0.335436419439
2.01945392608
1.26121830946
1.33594205875
3.47336860706
1.70613687199
1.15006062722
0.19789222977
0.469323755325
0.134697843134
0.534895806024
0.209695444378
1.27079784176
3.24589317242
0.850453342247
0.410724174154
0.363599673785
0.245863698067
0.709139531899
2.38933178295
0.139540763991
1.41198744045
0.664179793401
0.679385138842
0.477444048634
0.715314643999
2.03955025582
3.65891964084
1.80323786435
0.580324226026
1.57133061686
0.23734178854
0.959821087004
1.37118674325
0.0510327593417
1.63710940964
1.0717717164
2.46837509389
2.7866555424
0.177648636495
1.42672648114
0.727084111904
0.305569885647
2.17461490957
0.217408670902
0.808971997138
3.66944105989
0.841498562177
4.85959267623
0.281824488202
2.2787004906
0.0964267771125
0.627041411698
0.0569378059983
0.362267978646
1.29551003187
1.22853979259
2.15917792686
1.62259142136
0.568444336982
3.75896438008
1.72536946023
0.0291102603932
0.712038336945
2.63672203206
1.96363604839
2.04660047871
1.62328421838
0.0534806511228
0.260054702132
0.601657241625
0.222042902424
1.16550423792
0.702791961735
0.746914024313
0.532253835837
2.24934899689
0.606140051004
1.68631724068
1.58896181163
0.710397696524
1.47477814797
0.512133117507
1.14777012048
0.248429359339
1.13655114559
0.639072012722
0.667309994026
0.586801425996
0.386289424721
1.339540567
2.09365847831
0.0927020750154
0.514380649043
0.820231738184
0.0129858670443
0.162072107788
0.944258820712
0.927574977622
0.255807586319
1.87578552986
0.458843917902
0.130956422353
0.214443314731
1.16214982458
0.929647104265
0.0817119993026
1.08076134695
0.864202529715
3.10787546842
0.0579472253081
1.00403701692
0.207506891682
0.0922986905836
2.28947207372
0.34972212768
0.246887241825
1.30766728749
0.477453974754
0.286643183249
1.20801774802
2.09462806245
0.520079804842
1.43061894046
1.79238134795
0.128063611611
0.481902729532
0.0133456753334
0.385649850675
0.809699088503
1.57201766991
0.22034846878
0.652854238208
1.11038785536
0.130520343615
0.317036553057
1.53763546461
1.60227223509
0.4769151995
0.838784562637
0.831823150352
0.876783235772
0.798859602816
0.417741162074
0.0520396997176
1.44162496159
1.50288149313
1.00094639222
0.0427589706131
0.740108481898
1.20560749793
0.550835063222
1.02586841216
1.46605564234
0.801773291823
2.67434806121
0.0766980588227
0.427532907913
0.782530679537
2.40764647612
1.10529294802
0.298746119653
0.0606084873902
0.375309925015
3.49249020127
0.269657528612
0.223142053122
1.05958710695
6.04240388147
1.67484470714
0.694430595239
0.528457020299
2.06909946887
2.923432244
3.54704841045
0.204556414604
0.0235175932053
0.152275127733
0.60408812107
3.36949750935
1.11312535664
0.231026629393
1.01124686563
0.692925342358
0.141094761753
