0.200595190005
1.16609257062
1.92486557634
1.42448238381
2.32877102256
1.75999036747
1.51255222384
0.517817803939
0.14344095856
0.872307150128
1.27219995009
0.691081892496
0.468415258318
0.848325752051
1.81729345426
3.77868196606
0.378960144155
0.111766510386
0.414203316458
0.839034115922
2.47998556055
0.571648573874
0.810037523455
1.29301515877
1.9086491981
0.79837650817
0.681382495166
0.423865979834
0.10773821585
0.0524524515348
0.355032253671
1.49711297535
5.49871522557
2.87153871136
1.48666364858
0.547330392081
0.701472911727
1.05542229712
1.1665561536
1.53631332032
1.11948131023
0.639875452112
0.11920989904
0.154048452866
0.164111224417
0.185787968296
0.993736873124
0.26583813624
0.624490518715
0.502929833111
2.7200057317
0.577676015596
0.286133782058
1.02233958589
1.166945769
0.144684797451
2.54399601437
0.0540575423245
0.100026171633
0.242158764498
0.141014700021
2.81120624303
0.293702309004
1.39702470294
0.153290369075
1.07834091892
4.00287035837
0.844054330193
1.9163236062
1.42973116681
0.355613163174
0.199158190695
2.39545748627
0.943378363428
0.981701583242
0.737820036434
1.03887737065
3.26850964195
0.149612556382
5.49402970758
0.320899359367
1.21234595304
2.57506729159
2.30027351865
0.157864076363
0.257337805544
1.57648378168
0.15933294499
0.697466585469
1.19231345785
0.282091321937
0.609929019753
1.24475563284
0.0227785124469
2.49133090516
0.869101719859
0.938219753521
1.44695240333
3.85098693717
0.536162434686
2.08913424651
0.0499768657771
0.339632225403
0.514192297367
0.635540785118
1.15996446832
1.78110642491
0.0970026386407
0.125275774425
0.86862806981
0.488438227751
0.67214543267
0.764061769665
0.425908226252
1.10484119878
0.512556578014
0.448047703277
2.80955635618
0.544349880246
0.128645324453
0.111974513673
0.587373668632
0.345580342074
0.369022623103
0.527216294176
1.3034396458
0.992236104758
0.0116916299616
0.666816068048
3.83368283722
3.03600718655
2.53221079654
0.269245783947
1.98707483144
1.40975510304
0.0216221503959
1.01289453868
2.41580094371
0.392513641242
0.171212428632
0.137209747943
0.564506184682
0.53748091164
0.0953615538523
0.071947582286
3.27497109428
0.794132300843
1.9118657243
0.0981263188019
0.518871472685
0.0719248856643
0.709573446465
1.43772684674
0.0734547923979
2.84808421572
0.382340382195
1.63228759067
4.58051559017
1.03741361028
0.286540696661
0.012129299594
0.310749122296
0.746187237513
0.241939592583
1.55048916898
1.97417358362
1.27054664982
1.12088976236
0.178400353446
5.25233764118
0.0215839958144
2.81508070073
1.74950226252
1.59769265573
0.261133858841
2.22680109496
1.55116390269
0.548877587335
1.27027449836
0.987531211878
0.206758498473
1.45038474265
0.710534203471
0.0257822627255
0.272129054405
0.251896388625
1.57972643012
0.78280873096
0.0408018515299
0.65426094063
0.158716735274
1.15486168811
0.525569101929
0.180862504761
2.48865239812
0.475308428706
0.580301758014
7.93815442107
1.38126509845
0.533635951462
0.0329170644849
0.149229069082
0.188774402274
0.193757460965
1.93742361575
5.40079694239
0.893238317819
0.0283198642035
1.08321915556
0.0175648237144
3.48887568441
1.2717656468
0.953464986907
0.685399127296
0.730183708316
1.37918289683
1.05811013221
2.43052889587
1.84095854758
0.244815535331
0.0200104805286
0.526970633001
0.27715233889
0.308493101302
0.350316214367
1.5915649145
0.00487842954972
0.122846258173
0.769136804935
0.130174158065
0.0944679568337
0.765807758188
0.118174124998
0.566321837818
1.16161111583
1.26819868812
0.545764940949
1.54544232959
0.245990698863
1.73415199371
2.56595679455
0.100851270996
0.981897130713
2.02927005904
0.582505026291
1.06128916714
1.91308184084
0.229007671505
0.266550429164
1.04647884422
1.54528490366
0.996363301368
1.3348028752
0.0661660624022
0.750758937864
2.48678625293
2.42998612429
0.0192543009352
0.594894672696
0.0720219919898
0.576602234925
0.685223671292
0.89110060266
0.0875436196139
0.832360324294
2.17344439996
0.549579153519
2.47682116145
0.337597268054
0.104360247839
2.29760103026
0.437139043948
0.143792704822
0.0371487832151
1.31451735115
0.695337136012
1.35959513081
1.24588442536
0.724689804059
0.378704894995
0.127662024614
0.614018253822
3.94285534064
0.473544599149
0.164335658142
0.561855404921
0.0400540528259
0.578269289203
2.37216666411
0.562397044905
0.363118929305
1.23809562811
0.0583664310126
1.44658651944
0.112230559545
0.206096897038
1.35970951615
0.862689163798
0.117300802624
0.32591923371
