1.8055719805
0.854421257637
0.1800430428
0.920101321922
0.0907270580106
0.505051508622
0.269381583456
0.135996987578
0.00464520333826
5.97806199235
0.766508877279
0.237816875646
0.349483708817
1.78936418263
0.57582980291
0.954026528842
3.36271282104
1.08780162844
1.422839023
1.85923070654
0.189708460884
0.347238133157
0.78669207874
1.13402219686
0.0493309165007
0.528008626228
1.05079372147
0.14765331634
1.46626953149
1.75513294165
0.0563244486589
1.44094496313
1.51000233103
1.05503918069
0.492168975302
0.968169580104
1.0643805102
0.285102827507
0.304763918237
2.33226831664
0.0591181002413
0.713737106665
0.0662235221651
1.03977399768
0.473031376442
2.26676525675
0.022431537301
0.0446654878145
0.180982799792
0.832513708965
0.386894558684
0.369550240239
1.7149229845
0.525948729005
0.262735297376
1.06337363576
1.16778007198
1.33224394169
0.823545723836
4.52306151053
0.447852955019
0.176123088893
0.443231851381
3.88578118387
0.368885054056
2.45813986901
1.49921412853
0.385510533087
0.101524800072
2.22224417327
0.142824817522
2.17193760945
0.166434980479
0.971661782182
0.318757578181
0.054171091338
2.57592221609
3.62456031976
0.0231677932546
0.0927252963076
0.534101631057
0.449899406897
1.83315088147
0.786480199093
1.86506461373
1.69629977752
2.03373017426
0.615450621636
0.787782160649
1.02293622676
0.148619725179
1.14473746323
0.681704417098
0.692930967606
0.19727108237
0.0734901039747
0.226843854577
2.68007071372
0.758141040701
0.963475077772
0.52251246602
0.0776281277677
0.0327323183237
0.938878331921
0.818251336453
1.36473063737
0.300291568962
0.0399547361771
0.0804244682829
0.14186548942
0.366053043058
0.862392186639
0.0429507023511
0.334411861556
0.726859332346
0.736815204867
0.21721936347
4.3758933463
0.278526493061
1.12297955881
0.764741065147
0.523324472515
0.599020493863
0.225972767953
2.21389138469
0.224842592157
0.0483142010958
2.87921564111
1.39493174577
0.893598536724
0.614427952032
1.39780583671
0.0126276002894
0.0851812966755
0.271038568783
0.198664304399
0.939991633982
0.237292744673
0.379924153751
3.55504658284
1.38513757232
2.69272979147
0.821285773231
2.08470394381
0.53575696086
1.43490578562
0.740981445824
1.90993826116
1.33545050884
0.299848585215
0.59938875126
3.45756007365
1.2001433208
0.36716338772
1.03757183615
0.130590385608
1.24121416846
1.95692714948
0.667073917644
0.16902224049
0.918524343165
0.278519063091
0.0365269027496
0.548105167207
0.999027424787
0.244609847498
0.529861230315
1.64479532556
1.17322945889
1.72125583016
2.19888216553
0.0515361914173
1.19631577643
1.58604155091
0.0422736012149
0.556438474357
2.49813743808
1.25147123624
1.16728207555
0.536890500394
0.218847680538
0.273454177986
0.433893336829
0.245169436595
3.80222964886
2.52356974573
0.780413449796
2.23730229231
0.173549387625
0.00823208974919
0.232877411151
1.92248478746
1.11073245652
0.661562543997
0.590008567422
0.0884041590624
1.84926615699
0.854768693494
1.38448695806
1.75524749884
1.55902612313
0.423020263719
1.003767754
3.27671487722
0.586259110541
2.26282960527
0.10630958213
1.81531862106
0.257826249727
0.363955902437
0.0644291379498
0.343291907823
0.0338091513689
0.181419429472
0.66406378338
0.894878315555
7.09035982515
0.0376909234681
0.57536491729
0.0317324061288
0.343005841687
0.665419027126
0.0897415179936
1.93589766588
0.241669272215
0.339117288681
0.430811267638
1.32736679768
0.846896929125
0.864989998267
1.86791368396
0.711129188176
0.565498436364
2.74497777799
0.370833843855
2.65821579201
0.0220009297231
0.544508242736
0.959264843397
4.30541570687
1.12536348441
0.870987969561
2.61512733643
0.776936465835
2.20388388616
0.330071213576
2.46681653016
0.387697499756
0.928463603594
0.426284297112
1.18268598605
5.12786901515
1.72221257911
2.17727609635
0.137996225124
1.65931149689
0.520064617558
3.23826507019
1.17360591166
2.64700512266
0.196161038274
0.541474050084
1.73370586279
0.102121683609
0.451447809009
1.43850587461
0.25949810212
1.43720458667
0.848549032972
0.403712377652
0.52324027855
1.28270661003
3.02019665565
0.913443533251
0.0418220344723
0.522195976155
0.220767335349
0.2988440285
0.289104188727
0.056068539027
1.79500787573
0.26345318564
2.76791183702
1.34520170615
0.990683662222
2.02907164081
0.0604883792147
0.126364965871
1.05427150801
1.1556806275
1.82478874331
0.212844383552
3.40646601307
0.388867666282
0.903761249139
0.1210789867
0.183441420367
0.267469814533
0.446956083989
0.0308979976223
