0.646620295293
0.529201331561
1.03149902331
2.12262440095
0.425080547021
2.46171723003
3.99974088435
6.72708484641
2.3052947119
2.86448107828
0.892422931903
0.103774155122
0.446395508054
0.206115685313
0.123155399589
0.81449549925
0.124680934065
1.40476348504
0.135337037391
1.43044174413
0.557335678607
0.724486669056
0.193236486894
0.854483649099
0.0938447957289
3.86081142242
0.132090022434
3.68758851211
0.364464455042
0.178399925671
0.150651124634
0.92638382266
1.22715108775
0.362045929009
1.46185382903
1.43094654158
0.472937457558
1.73867285781
0.360294008869
0.0219687483548
0.628393271484
0.342297073413
0.017843794738
3.3185988045
0.900336892237
0.143841842249
0.676262675536
1.04905097862
0.394142838101
0.877716167275
0.786523451428
0.697482677833
0.8201911465
1.21475576793
0.662611716623
0.429572555586
1.88447254501
1.2400788764
0.0766645787964
0.217657343678
2.7101584558
0.0588634271112
0.906678853317
1.41025737144
1.25363812532
0.904868130645
0.184123161293
0.126225520443
1.48983753961
1.98431008611
1.07497073944
0.549163246781
2.96274514145
3.22444973321
1.06151905828
1.75306380984
1.48312395282
0.205182974473
0.0559835917077
3.7693694026
2.56237866689
0.398227397058
0.924471772261
0.148619433645
0.294060058268
0.347860616437
0.125412253886
0.0872707913743
0.673335447625
0.0798715181166
4.30776644512
2.14855764996
0.121454210821
0.497477652117
0.539461258253
0.138560332673
0.144423135269
0.626335333492
0.327085946353
0.7876718047
0.226152824866
2.89140233408
0.559462429613
0.997754517119
0.370968426804
0.675839590633
0.0728752932915
3.02640404977
0.83191500432
1.04217959579
1.00434917481
0.334719394141
0.134782257842
3.98328632057
0.0738096248593
2.24709908064
0.536428300387
3.89151184734
0.28512224032
1.90959308158
1.50073510437
0.793859064941
0.459402244438
2.59829214313
1.56398123189
0.000422950082062
0.0717922908763
2.73901473791
1.94110096197
0.382502897015
2.9519222107
1.00148858834
1.67055381458
2.00494425533
0.0255247955457
0.958946821002
0.340363986933
0.958577194093
1.03270405816
3.800550447
0.0853544947289
0.496984411495
1.48560956206
0.734128432956
0.219082537274
2.65754605817
1.17751451941
0.533480130459
0.598910390934
0.322541485764
0.226667882704
0.212927945068
2.87541727157
1.87818197822
0.803991082397
0.20717580094
0.407247186795
0.0567902699806
0.810383599667
1.48262298164
0.399752397451
0.710741195783
2.98049646262
0.956699789338
1.63999580291
2.29299008333
0.837110632641
0.438310456082
0.0444716882727
0.484881184826
1.3299810867
0.837684498985
1.19456861867
0.0258061449783
0.868882022142
0.365586415268
0.22320171343
0.0214087212646
0.740318342021
1.56893351697
1.05715828975
0.484130753794
0.494682178308
0.0306032070881
0.321396588695
1.06346969681
0.751921905442
0.174972987989
0.551875151377
0.247978833676
0.404737029421
2.21358754568
0.572049431437
0.45883393239
0.23510784537
0.70862324235
1.3541561033
0.077873685108
1.40516819409
0.354677047946
1.99993586255
0.16380194625
0.20172039127
0.0647976982565
0.0301685215149
0.0800302814997
0.331254818203
1.33035685305
1.78469100896
0.462980522207
0.508624512504
0.017199678164
0.129825013788
3.88309259552
0.074143456599
0.287062975991
1.44515335763
0.0223964891356
0.569931934967
2.43733515001
2.17372757462
0.310739469147
1.02262231157
1.61928774904
0.271947104449
1.71662517912
1.44235159847
2.95360864025
1.32082828747
0.33972224099
0.874461829542
0.0234904025239
5.37406613922
0.152973528096
0.0809885849106
0.657411052157
0.193631831097
2.8349468279
0.235564239105
0.744379905895
0.209647138737
0.342690014681
2.66850628038
1.9869723231
1.352991268
0.205554195393
1.01615213422
1.93862719341
0.225797832537
0.0506668754047
0.163923664401
0.660527422442
1.02333076559
0.000434347755879
1.23993723503
0.88500865096
0.12010153362
0.341763419033
0.207304862104
0.243663088945
0.564242890753
0.0500241273156
0.653108193613
1.61212718647
0.347238706038
0.00821859560243
0.576174609401
0.0365813711575
0.286068159836
0.667982703181
0.991612235404
1.03425905415
0.369046923257
1.1952358784
0.00590889670082
3.2208249906
0.00816364031356
0.755217139897
0.211387787629
0.673135312032
1.01220063725
2.40353389754
0.387922973939
0.674629333191
0.0385771016986
0.15232093548
0.0722865729579
0.404915666436
0.23709782773
0.86483305395
1.44510661506
0.159775216108
0.810763761582
0.367659245441
0.367811287429
0.0727836697425
0.698648333917
2.1178183185
2.87993267387
1.56472724888
