3.68921390564
0.291020729177
0.869817390637
0.63181679892
0.0990467772034
0.757184812241
1.33902654295
1.40745246494
0.0483001452358
1.0932156094
0.334602042705
0.152467784527
1.37166744704
1.26160314972
0.370041107467
0.959138072992
0.270193517831
0.854425707582
1.07956029023
1.23923838471
1.64070184588
1.11249383163
3.20578530213
0.0200895095323
4.81413849368
0.232071395749
2.99413197054
0.0114832108661
0.930031665629
0.356563179496
0.133239578863
0.0939297828775
0.19609137462
0.0237285159639
0.599456768127
1.40206250945
0.480356161625
0.0474036555825
0.0507222051556
1.37424852349
0.112614136423
0.407954630122
0.444627847734
2.9676953251
0.329020762627
0.200258704506
0.234756525791
0.152843310005
2.17071651843
0.712279530112
0.108148702583
0.152755286832
0.425151019838
2.45793631886
1.10228658654
0.042732018265
1.3259438048
0.365524357833
0.242824475423
0.192473027502
1.18963125192
1.30912036519
1.94319088544
3.06889967822
2.00542122288
0.91841734243
0.344041571259
0.592048022
2.75805780163
0.479332885655
0.067365589287
0.392051200996
2.25906354051
0.632612822439
0.741004689758
4.97653937907
1.02624922688
3.6833288765
1.03366418284
2.70574764138
0.309661821819
1.01100635819
1.17309690988
2.78112473356
1.27802453284
1.14413854206
2.3947700386
0.330971870271
0.0870762628539
0.26300501794
0.0253615838576
3.81599189283
0.830826825573
0.224629992382
0.0692799443996
2.25825625505
0.993077939785
0.592622270446
1.78313305114
1.05313136327
0.673542743289
0.0111105162353
0.074991902425
0.260328639219
0.967799784985
0.0494645341822
0.200891691898
0.575316629569
2.59674385538
1.60613262416
0.762068483621
0.182250872012
0.64024383955
5.49809443
0.175934871067
0.268277951488
2.46390624018
3.0497582539
2.10150787265
0.467794714082
0.963548458892
0.275485529407
0.449219472974
0.435244438357
0.874860965559
0.5758159821
0.325641360479
0.28431234143
3.88358305626
0.667359322304
0.106534784239
0.673795191805
0.0551373284134
0.714372267429
0.350040073444
0.619721852704
1.53839863794
1.13406051185
2.54308915508
0.360966718912
0.0607937134522
0.00428143068209
1.15954228984
0.794264432566
1.18854811794
0.0577084517841
2.04303803506
0.562433307388
0.0326393898916
0.11058113399
1.57695828284
0.126917823969
0.365122269278
0.675763242248
0.0362651919571
0.595502455058
3.17824630651
2.32458449289
2.07182537398
2.5525780563
0.867331905937
3.81638610584
0.207285431431
0.174379669913
1.76190809792
1.04259142686
1.06751633499
1.50343242711
0.0401850261512
0.380300984612
0.255045611346
0.702560132715
0.509201051569
0.389271646364
0.546660129151
0.464213024846
0.238055346643
1.32327119894
0.633788783444
0.69939372859
0.551346454358
0.00841090940974
1.1206493196
0.968783889298
2.07834782785
0.662835632535
0.288261049969
0.933540345715
1.58799895666
2.47847329675
0.361256383403
1.35565291776
0.418772046614
0.678641521477
0.0625030103504
0.156185566812
0.323529327369
2.68531333111
0.622788851917
0.54646044421
0.136389941312
0.264507113261
0.240743041883
0.70130879505
0.0646869775955
0.415328354762
0.850096207037
1.67983096408
0.206801699471
1.21384610237
1.43056650954
1.24470117917
2.28151767563
1.97729035662
0.0904033592644
0.682622467056
0.372909547663
1.69690583121
1.00857234957
0.43563144313
0.364731877512
0.176633862707
3.11692283539
0.223294255433
0.336227494347
4.38030189691
1.13691651645
2.75444999124
0.867761023503
1.86476004917
0.889981699412
1.33824723005
0.35394415724
5.52495097028
0.108481593841
0.697218383164
4.61722609331
0.91536544965
1.12988939218
0.0622522733546
0.391961616226
0.280054931753
4.04337632492
0.255790829494
2.09990151857
0.273033102499
1.09716171158
0.971729360573
0.988856699574
0.55931406267
1.07862262302
0.902655090198
0.639635342925
5.11609547682
0.689053498312
0.27072778872
1.13918971682
0.641290135139
1.82823411894
1.0942125815
1.01201476072
0.0472508939817
0.171777131898
0.192891984531
0.3106751213
0.528570728988
0.119588867649
0.589023237462
0.469695245677
2.82216943897
3.47097675533
1.14392978666
0.163716986732
0.612288291828
1.51570797045
3.66548217648
0.392706417788
0.814640504076
0.355915534211
0.16002945134
0.654438540462
0.59897143884
0.971904962239
0.197024868923
0.404303617951
0.0850661892157
0.6325726521
0.434877892514
0.711886473625
0.0535468438596
1.02820355628
0.0666919377121
0.547277224516
0.131544948351
3.20631984221
1.23167056656
0.18274678231
0.991714929826
0.555166751442
0.124115305954
