0.0929600007888
0.336622376971
0.216088857499
1.18424172927
2.14206543744
0.700413028483
0.292556771385
1.00598048577
0.958890559061
0.031569663208
1.60109925429
2.28480235453
0.331545844556
0.074769020832
1.41993636127
0.797516338436
1.01599231568
0.930742080347
2.14481990966
0.576048976556
3.94924520801
0.162054404636
0.0848717281863
0.457129262237
2.41632530051
2.60147464992
1.38495487883
1.52959711187
1.43910480199
2.74842044534
1.66357504495
1.22196621405
4.72651104911
0.816587564653
2.14274346108
0.710511950211
4.15813424244
2.27010509271
2.92266313822
2.11924909932
0.163625694996
0.727283033471
0.408860658851
0.0746912512648
0.582339191389
3.1181629078
0.833175977027
0.603868890648
0.935466228617
1.27967022194
2.39257401892
0.704038749484
1.36435200878
0.15351076008
2.11340622115
1.86310255687
0.764588666131
0.182407371434
0.174123715335
0.175138818139
2.05823513543
1.60430170022
0.0374078902779
0.485082091905
0.212554811643
0.0673477139769
0.716254057536
0.606962609446
1.90361086692
0.214583533195
0.0358179704817
1.1827936568
0.0703201463894
0.735140215018
2.28294961142
0.396632637583
0.318136831159
0.0552107346383
1.21497686406
0.979700801851
1.44625067127
0.655051208354
0.133538375248
0.524627592307
2.25560309933
2.62642824249
0.573720072543
0.228485122226
1.4688384219
1.16532638541
0.239799763709
0.387466637003
1.008885266
0.408664134656
2.17537609078
3.96692005942
0.221053556513
0.116460194636
1.46961651776
1.25922334067
0.0117215008645
0.518651780644
0.907746723849
0.491470634293
1.23535730289
1.41710771538
0.156559751327
0.471698281927
0.0826954206906
0.00112536860837
1.47991165406
0.0814178576423
1.96101999074
0.199581795833
0.24974939701
0.667057024943
0.144628537491
2.04488557736
0.996984823881
0.488923718091
0.579941056167
0.219593097321
1.47604770599
5.86960175227
0.511517346396
0.188012839941
0.930319972339
1.61135470228
0.520395314444
0.0153007278452
2.55847845252
1.06027833867
0.128915375287
0.802809382472
1.31554628881
0.726506349369
0.578529671841
2.37883917689
0.0968373943282
0.0314524083208
0.542553785411
0.431310554211
2.05257586214
0.660540757384
0.334396463706
3.18037654702
0.374169784001
3.32309381974
1.43280077901
0.301424850804
1.13728289208
0.326553629254
0.530863787424
2.08907359443
1.10419760176
0.118242605627
0.151926557948
0.249226371688
2.60443837308
0.622375126074
1.4201716065
2.91673285121
0.329974142679
3.89471555457
1.21065469062
6.58929360546
0.277541167761
1.92179665037
0.599309948176
0.735237515627
0.501701756175
0.693514530291
0.118310411349
0.164172887373
0.148676770507
0.507411834445
2.09594865514
0.350515958009
1.08151641818
0.697682347479
0.561089143854
1.78263545331
0.0433155069626
1.05270262857
0.291386705237
1.5960974797
0.907881149954
3.80500997058
1.54068816473
1.26008726253
0.967352335466
0.235123533774
1.44478447083
1.4905266816
0.224385602787
0.793681748052
0.269130078541
4.23922627507
0.184790717395
0.0769959575804
1.18192337121
1.0023840853
1.20699917919
0.98596862091
1.035357547
0.995997030279
0.364322399637
0.16060848696
2.9196046119
1.07563893791
0.32509972954
1.44520898941
0.522801232594
1.28386331032
0.644258242607
3.57958790543
4.04761158993
0.149434131506
1.05576763993
0.191553559049
0.436012821396
1.39945519836
0.103796790268
0.166525873767
0.265072679689
0.766551284118
0.0245789010704
2.62076857328
1.38130991122
0.111812088529
2.03401321208
2.92483531597
0.565214336438
0.111191954443
0.650773738344
0.0871302865631
2.47208112175
0.618293042036
0.201308630174
0.16576348925
0.550220477275
1.24257729367
0.0458503234738
0.74269183457
0.887463887489
0.45280885089
1.57204754821
1.55882448543
1.75073001275
0.162613557852
0.0990825841124
0.236379526466
0.440897713976
0.0980814291297
1.40365493409
0.211549985939
2.42947537216
0.513141448699
1.20499397891
0.170007557242
0.790513005824
0.46473597468
0.581000272095
4.31504756926
0.148169622849
0.404769077495
0.522228989403
0.733492694566
0.476045625541
0.650669117135
0.204304448435
0.337702112419
0.602696722479
1.00251912563
0.713465448458
1.46546577768
1.02960066422
2.56920335023
0.396811372081
0.660108387847
1.87993830537
3.84473743048
0.229879510864
2.57665605645
0.333129944282
2.61492371276
0.0251615055676
4.03204942451
0.349764791452
0.121184659901
1.28294131605
0.947248651513
1.02148597162
4.49023659264
0.513496922362
2.54631042786
3.46511113409
0.577612992278
1.07454810799
0.772927398017
