1.03150932862
1.44755225695
0.224455411571
0.0167349533093
1.64848737215
0.0249536768333
0.622833850476
0.621798609277
1.25749706473
0.445872004364
0.0606074095648
2.26073066469
0.305622990198
1.80230234509
1.00458882971
0.650182871327
1.3875609924
1.60867544072
0.875166408028
0.210632800793
0.556747957147
0.405453911571
0.476058944452
0.256359522503
0.0939237839648
0.461992993574
1.75468528096
0.784152446303
0.403109592699
0.392545835159
0.0966061832697
1.53424661581
1.33601498604
0.648342075685
0.535787271495
1.78281782844
3.47824550867
0.974303827434
0.0798198195901
0.34415029511
0.817918386923
1.83083954206
1.76726641158
0.40022085346
0.987012764632
0.657370589791
2.84946229462
0.631895211494
1.08505912885
0.382464089539
1.07559859023
2.57379628095
0.544152153893
5.87564481242
3.10588381813
0.528553254825
0.0270987191252
1.08919295552
0.0589127438393
0.561031698154
0.776815433943
1.35701178379
0.715826465331
0.366683671355
2.37418155791
0.170126998304
0.644941346189
2.73738617933
2.21272402869
0.695410874186
0.226393500364
0.0164896892143
2.16709077128
0.0223263977929
0.802030031234
0.075489284339
0.0810539839354
0.0738774066815
0.941605349182
0.217584296454
0.0275537740006
0.5768784831
0.439379532111
1.77479373012
0.266056211574
0.0878659358356
1.03853248332
0.264402566059
1.13945040089
0.320812034777
0.630678729412
0.537037647534
0.636666613545
0.683156109038
0.331844606473
0.322139443767
1.43351470221
1.14667903978
1.3692859789
1.8505343236
0.714426005969
1.18089163403
3.23511827108
0.490735818726
0.67799455382
1.729318065
0.280093562608
0.299906351421
1.28711672051
1.69248267544
2.22182816194
1.70371613751
0.212508568138
2.23625227796
0.619919976285
0.322480951895
0.236165260409
0.420326305962
0.574790747714
0.949040919951
0.0410518769998
1.24355741816
0.991362079131
0.781820352415
0.252898760671
2.05004916471
1.75040653387
0.365369555932
0.655609406922
1.11027216347
0.74086648566
3.74423653604
1.68000661654
2.27763110836
0.0423652528165
0.0447053578188
0.849971609768
1.86276014889
5.26171244423
1.16059116732
0.455854351422
0.944470541518
2.16587206125
1.39587308894
1.34479834119
0.829828735104
0.589980354541
3.09373864483
1.61545709879
0.902205060919
0.778758821797
1.39383091843
0.560570514422
0.0717447460186
1.95785220941
0.139292647987
2.75338185584
2.00511963513
0.507209845797
0.368846961379
0.584395117205
0.128132018373
0.517005258813
1.21434049042
0.303007566596
0.586840690576
1.81502897982
0.000727104356379
0.888988852927
1.94062475378
0.904893315891
0.0676931729174
2.56689778906
0.738592545664
0.46743540856
3.68172672448
0.473187310668
0.159709879147
0.558458794338
0.372692344856
2.62881358974
0.404547066042
0.688021724363
0.331076781577
0.368416284238
0.150942316477
0.695995398378
0.537224192397
0.182240089143
0.338422303935
2.54755748412
0.869546705283
0.0448776090583
0.17670950648
0.921757978319
1.83851946124
1.98137804559
0.368416947833
0.292145020088
3.68546899582
2.03836304862
0.106104045372
0.489845266562
1.74646789372
0.961328851794
0.452803031479
0.0204874292375
0.257309190611
0.112243355354
1.53002397507
1.10766276128
1.43024007693
0.782260233478
0.448762805029
0.535294415494
0.952292849976
0.257778102447
4.51189561124
0.549537146209
0.192562865524
2.05622792796
1.26974115639
0.0582025597687
2.25844667819
0.431036696147
2.62924927251
0.624354092216
0.190571041528
0.00118890384414
0.585425931858
4.0831949427
1.05085720616
0.193241089555
0.781153922954
0.260827722411
1.73463477792
0.111252528179
1.92358581279
0.860291524194
1.03296209632
1.85135644305
0.368921349794
0.85839584253
0.975968096596
3.47738114448
0.182013181924
0.407666084458
0.578171400009
0.963594540478
0.511554772272
0.349937863226
2.70301512181
2.85845210272
0.0181383890051
1.83904097635
1.28367518546
3.70753772531
3.06542881234
0.0654378765722
1.12672437295
1.77643715831
2.64618830952
0.951903872521
0.110301554454
0.253839499009
0.398801603306
0.112566901511
0.98998832053
0.631548666974
0.286324113234
1.95748950448
2.36630413562
0.907147794471
0.322224750936
0.204931097516
2.92027027681
0.552616579065
0.0754568846422
0.0752321624359
2.53486344836
0.145824192404
0.587019401273
0.963636807747
1.13508880535
1.4274203474
0.0403373454227
3.00227825005
0.621462042542
0.642710810233
0.453755458107
0.737387029403
1.15585475758
0.21878779172
0.109056177498
0.923142605474
0.192554543007
0.759581096514
1.20636469766
0.30840995943
0.271786449466
