2.22194282785
4.51450893504
10.5977422544
3.81299345006
29.0725144452
1.88248749213
9.78131961326
0.169091626272
4.09666933365
23.4033558273
1.13388623391
26.2883711907
17.647788777
18.2714432264
4.94840255659
1.08743234677
31.836958894
15.5674754628
3.18810152854
3.20979476103
0.606270295576
0.680978272805
9.10185071855
1.27396065981
9.65831396047
7.27211319681
15.6442508574
29.8486797716
0.320540039004
6.13578133976
13.1449604425
0.514656373835
1.60869382801
4.06195562409
5.69782339043
0.603947413024
5.45128002389
13.3804980962
11.7477606065
1.98062011894
2.06941932884
3.05037841386
5.54382024657
4.66968689546
2.65224820899
0.435130629671
2.29875586501
1.59463761473
1.5360705444
1.54212855672
0.00817073364465
1.30210548404
0.960122995277
0.320740093454
13.2861238788
8.03709095457
1.54186802444
11.1114039114
2.44245008791
0.941063296219
12.09296068
2.13664666606
8.6734897146
2.70589439722
4.72542049421
1.13238637137
17.8112808782
10.2702940672
7.6708920824
6.56366541356
0.981839647785
0.693362199863
12.1230650711
13.0250366433
0.700975939199
14.9653249346
1.86553598743
6.63670271567
3.90718189152
0.453218362631
5.600398049
15.1935715939
0.276658105554
1.59605186881
1.25159943319
9.65895895532
1.27191432657
5.63836685451
2.2775348794
6.60695599118
2.55807694937
7.45628702623
15.5001541835
0.504524256694
19.9191250076
29.3666584443
0.512838493693
1.43525196408
14.7915631304
2.83982453174
8.33319867706
7.90203699935
11.8427264604
2.23604145158
0.519145678785
28.945408032
15.5684986529
7.34567927276
8.70497330806
2.38389312469
0.122892603768
1.31417756403
3.53978044382
2.31277371068
4.2639939834
3.03486716554
20.470581067
9.31930888687
19.135801495
2.64513121256
2.98039182666
3.30783171743
3.12001918369
1.48662396439
0.680283236451
10.3735551621
2.8398306935
5.63895749914
4.35355481423
12.9765296128
4.70041285322
5.37354347532
0.506717025905
2.63210181481
21.0716838722
1.58340862343
18.5222053113
0.885768459031
12.1429999676
2.51691823426
2.70316300339
0.525479546441
0.598792550588
11.0762639713
25.0245361553
13.4725723487
5.73672402399
5.60467946666
1.46800422882
9.80482198741
18.673093816
10.0614181775
9.9500698586
3.80240104078
2.11980847773
11.9780672266
14.3024598642
2.76791757992
6.42269223011
3.36974812431
25.6434836805
3.04054236657
1.50844514574
0.690999946217
2.26240475326
21.9133772295
0.234678234302
0.805365160473
9.58430218206
1.17805487705
11.3932083213
2.05007940624
3.89189843612
0.996305471029
1.31107419989
6.3358756648
15.1791184142
4.86828848933
30.9494609139
4.34957590776
2.58969415044
3.0672863878
