4.61015556036
5.07386018968
0.982384146904
11.0110885779
11.4860592165
26.1097230069
1.72178712823
1.82774816692
1.72268878904
12.8777931911
2.76352970249
13.8040029583
12.4177825555
12.080337324
7.42751054976
0.945912961107
25.0407456116
11.2207516835
2.12344191746
3.64066271043
12.3600093348
1.3718275345
3.04050545892
0.399476788661
2.87403045585
7.14773926302
3.9617337599
0.0254369758873
25.7986364201
2.55644033634
6.96657454324
2.23407175115
1.16907945584
4.35167234803
11.7392149238
0.938386276979
4.89190525793
15.0722444576
5.14676513088
22.663691112
9.61947084941
1.82955958656
0.123801398214
9.46761688436
1.29298211359
13.8649199669
2.1913567681
1.77423405924
13.8161881854
6.02218281083
5.98004455299
0.302987430041
1.4111412657
13.2696164469
2.16366551748
8.68417328033
2.1869087203
1.53767571376
0.201901469791
13.4451696209
10.3098933588
6.8280266766
2.1166047351
0.511516501828
7.02955011157
2.09048170804
9.13870800423
2.86654200208
9.12471886719
3.67432409959
0.746086993729
9.72803603918
5.69555979719
16.4374890724
2.69645165432
0.869563653093
6.89515933686
0.354394679016
2.35649909727
0.232974992627
21.4658512389
3.54758966957
4.37757195984
13.6791468621
4.41141894765
4.36838852555
1.96866562419
3.19577626075
21.478569174
3.2438198283
14.0409082161
