3.09623690863
0.276696764875
0.320559910776
3.62894657949
9.15886810647
2.08638084476
6.97710404599
1.02144715591
16.5568552659
12.2996968757
6.73661687333
25.4999074804
8.76018909514
5.6729929812
3.35304646379
3.07962306675
13.2997777831
5.1472237622
0.749699661823
0.459332744073
0.747033400521
2.43447890188
18.1046212533
0.26688606507
10.7383917813
3.11496970417
2.85573426786
23.1535435152
5.55430723035
13.2915343865
6.98736096174
1.39235002259
13.457736596
7.09852741666
6.18002755395
18.9547103946
5.407504679
11.4389439421
8.82787288985
22.253170902
8.42315164088
6.42978430101
0.506904769474
3.55956861368
14.9522132561
2.06183539273
5.53994191912
18.5567308241
0.47609950979
3.15910261328
4.75271863731
0.651668034296
2.20887767446
2.48795861861
0.351813596725
5.42924690681
13.4044104344
4.77887797139
4.35077012049
4.95827029795
9.28046001328
7.05031630836
0.0172678639608
12.9385972332
1.99874784583
20.3845195811
0.720364288804
3.08377265025
2.71562788712
14.1693934591
21.8765750658
1.10836250256
0.117472721489
1.15895246618
6.29746434984
7.45199745671
15.8042024982
4.64647333642
1.63192582211
2.84800572452
6.66874799288
9.75355372287
2.37393870838
12.2066492625
0.958272023281
1.92038525729
0.756552427265
1.27073907137
5.13634622429
16.4355873024
1.62405336365
8.31987471635
9.20438692978
11.2488227654
5.01297259537
7.0500149869
1.54681187189
7.18643443834
10.412691509
2.69714604971
34.5059661807
4.86804895191
1.07274900606
3.63554107379
6.67131134883
7.13067433422
2.13838571044
0.803982088486
17.1360391678
1.1742039478
1.45814612501
29.5103121781
5.95769841331
20.7207061951
4.99430518646
2.0263706399
1.69504144979
0.346231037557
0.00800070300486
9.39714870372
0.842249523081
17.0205026756
5.15958691892
30.9422871402
3.76992794662
8.64798814891
1.96643532156
11.8412744223
0.817550724148
5.41332860078
0.118368568616
0.14344983372
0.361728997181
4.47946700593
7.84138129359
3.74640675221
2.91698572747
0.415862173223
7.17486540761
21.2160600262
17.9253873808
0.172569218906
1.69265040355
3.1773820136
16.081713195
2.50490082165
3.82172153577
4.16794303885
1.87242094139
12.444214431
6.49989566664
8.90863151975
0.563272225681
18.2814486748
3.09062407322
14.8914979936
